name: rpa-tomorrow-win
channels:
  - conda-forge
  - defaults
dependencies:
  - appdirs=1.4.4=py_0
  - attrs=20.2.0=py_0
  - beautifulsoup4=4.9.3=pyhb0f4dca_0
  - black=19.10b0=py_0
  - blas=1.0=mkl
  - brotlipy=0.7.0=py38he774522_1000
  - ca-certificates=2020.11.8=h5b45459_0
  - catalogue=1.0.0=py38_1
  - certifi=2020.11.8=py38haa244fe_0
  - cffi=1.14.3=py38h7a1dbc1_0
  - chardet=3.0.4=py38_1003
  - click=7.1.2=py_0
  - cryptography=3.1.1=py38h7a1dbc1_0
  - cymem=2.0.3=py38ha925a31_0
  - cython-blis=0.4.1=py38he774522_1
  - flake8=3.8.4=py_0
  - future=0.18.2=py38_1
  - fuzzywuzzy=0.18.0=pyhd8ed1ab_0
  - idna=2.10=py_0
  - importlib-metadata=2.0.0=py_1
  - importlib_metadata=2.0.0=1
  - intel-openmp=2020.2=254
  - jsonschema=3.0.2=py38_0
  - mccabe=0.6.1=py38_1
  - mkl=2020.2=256
  - mkl-service=2.3.0=py38hb782905_0
  - mkl_fft=1.2.0=py38h45dec08_0
  - mkl_random=1.1.1=py38h47e9c7a_0
  - murmurhash=1.0.2=py38h33f27b4_0
  - mypy_extensions=0.4.3=py38_0
  - numpy=1.19.2=py38hadc3359_0
  - numpy-base=1.19.2=py38ha3acd2a_0
  - openssl=1.1.1h=he774522_0
  - pathspec=0.7.0=py_0
  - pip=20.2.4=py38_0
  - plac=0.9.6=py38_1
  - portaudio=19.6.0=he774522_4
  - preshed=3.0.2=py38h33f27b4_1
  - pyaudio=0.2.11=py38he774522_2
  - pycodestyle=2.6.0=py_0
  - pycparser=2.20=py_2
  - pyflakes=2.2.0=py_0
  - pyopenssl=19.1.0=py_1
  - pyrsistent=0.17.3=py38he774522_0
  - pysocks=1.7.1=py38_0
  - python=3.8.5=h5fd99cc_1
  - python-levenshtein=0.12.0=py38h1e8a9f7_1004
  - python_abi=3.8=1_cp38
  - pytz=2020.4=pyhd3eb1b0_0
  - pyyaml=5.3.1=py38he774522_1
  - regex=2020.10.15=py38he774522_0
  - requests=2.24.0=py_0
  - setuptools=50.3.0=py38h9490d1a_1
  - six=1.15.0=py_0
  - soupsieve=2.0.1=py_0
  - spacy=2.3.2=py38h74a9793_0
  - spacy-model-en_core_web_md=2.3.1=pyh9f0ad1d_0
  - spacy-model-en_core_web_sm=2.3.1=pyh9f0ad1d_0
  - sqlite=3.33.0=h2a8f88b_0
  - srsly=1.0.2=py38ha925a31_0
  - thinc=7.4.1=py38h74a9793_0
  - toml=0.10.1=py_0
  - tqdm=4.50.2=py_0
  - typed-ast=1.4.1=py38he774522_0
  - typing_extensions=3.7.4.3=py_0
  - tzlocal=2.1=py38_0
  - urllib3=1.25.11=py_0
  - vc=14.1=h0510ff6_4
  - vs2015_runtime=14.16.27012=hf0eaf9b_3
  - wasabi=0.8.0=py_0
  - wheel=0.35.1=py_0
  - win_inet_pton=1.1.0=py38_0
  - wincertstore=0.2=py38_0
  - word2number=1.1=py_0
  - yaml=0.2.5=he774522_0
  - zipp=3.3.1=py_0
  - zlib=1.2.11=h62dcd97_4
  - pip:
    - altgraph==0.17
    - cachetools==4.1.1
    - fbs==0.9.0
    - google==3.0.0
    - google-api-client==3.14.159265359.post1
    - google-api-core==1.23.0
    - google-api-python-client==1.12.8
    - google-auth==1.23.0
    - google-auth-httplib2==0.0.4
    - google-auth-oauthlib==0.4.2
    - google-cloud-speech==2.0.1
    - googleapis-common-protos==1.52.0
    - grpcio==1.33.2
    - httplib2==0.18.1
    - libcst==0.3.14
    - macholib==1.14
    - oauthlib==3.1.0
    - pefile==2019.4.18
    - proto-plus==1.11.0
    - protobuf==3.14.0
    - pyasn1==0.4.8
    - pyasn1-modules==0.2.8
    - pyinstaller==3.4
    - pypiwin32==223
    - pyqt5==5.15.1
    - pyqt5-sip==12.8.1
    - pywin32==300
    - pywin32-ctypes==0.2.0
    - requests-oauthlib==1.3.0
    - rsa==4.6
    - typing-inspect==0.6.0
    - uritemplate==3.0.1
    - win10toast==0.9
